16
16
174
177
184
191
196
200
200
204
207
210
211
213
213
214
215
216
184
189
194
199
206
208
129
27
36
15
19
77
224
219
223
224
192
195
201
203
217
34
23
15
13
15
15
29
43
151
230
232
201
205
207
215
53
38
30
17
18
16
53
51
18
56
201
238
208
211
211
79
74
83
49
20
40
127
142
117
93
30
29
242
216
219
216
51
81
95
84
47
144
157
153
136
106
26
48
241
221
222
222
45
165
181
178
184
188
173
155
132
114
42
50
241
221
223
227
25
66
160
181
181
166
178
142
87
115
40
26
245
223
224
225
31
127
128
103
167
141
116
134
103
124
50
48
246
225
225
226
200
167
154
149
150
139
145
133
139
135
118
87
243
228
226
226
235
168
165
164
198
134
98
169
154
130
132
247
242
228
227
227
232
152
173
151
150
141
121
170
135
117
88
240
242
224
227
228
231
156
162
89
242
197
54
157
153
114
218
239
239
219
222
224
232
237
154
149
146
130
130
141
142
122
212
237
237
220
217
218
224
223
222
160
162
156
156
127
108
208
220
220
209
218
216
217
216
217
229
107
135
128
106
114
86
221
224
221
224
